1,1861940828303560369
1,2668105851611623937
1,7200002457031635732
1,7058832981010932390
1,2190257237215402537
1,6532261593838352767
1,967498230583230172
1,186490367651966087
1,7369382431036809468
1,4341194264020295405
1,3071561110029864087
1,562243648135009620
1,4087552333828301426
1,2329184104211051931
1,843344865856676560
1,4920300338863028426
1,7655746236197927216
1,4731292809734228496
1,6562122903575189811
1,4712212305328646019
2,3806507879947757008
2,7894665910362343040
2,6348841305427418614
2,8239259694306365086
2,8654017422780023796
2,607787603622057937
2,133898807903866686
2,5355458499506283626
2,4947975942772660390
2,6595722310747576913
2,3964463381737717975
2,3226420529690754601
2,3911573890665322422
2,5015877029424347803
2,6860391526401944467
2,683242837219449468
2,629063241108647934
2,1368992162981542117
2,2635187230135960074
2,5535909533312582975
3,7863243873246601999
3,7674313044816274846
3,6491969902634707973
3,4994454308988663020
3,6731864135733908739
3,9053498369616054990
3,5624261779344612000
3,5274704159930433634
3,5881206041521369579
3,412951030752463928
3,8276751191626048627
3,7709658603477766018
3,2109401015363887402
3,8637579574790079431
3,5808095744086632480
3,6669817665016107145
3,1993636846069568657
3,6160078928058106806
3,6471863018194757753
3,6228532960031602894
4,2698123780771906117
4,6530106890284256538
4,8475170405068656315
4,4612586317998323941
4,3334895579686865946
4,6289005075361040999
4,5912359162610388109
4,1459532157055406209
4,1611023384608726715
4,4686441363005421726
4,4208998567356292033
4,460796081681147903
4,3453690432006208962
4,4557139204987520552
4,3978093455514208482
4,4234359579973079832
4,4021651966046840128
4,7226046264974051775
4,256152167942267655
4,5842107103156670551
5,8797572329942620066
5,5678522249075517973
5,2541850920784977001
5,2504715937402485435
5,5187792293660391848
5,8352575083446620486
5,3795884108267598129
5,4229546349362237898
5,7208699457142355068
5,1555178042075572128
5,7895584968544392347
5,1818604221661712084
5,560550111629138346
5,820672855244570988
5,1204326973942937250
5,4303430492815765608
5,7199281721272159350
5,9160900830207776880
5,150388597160816287
5,1993875864186410741
6,2290358214535011844
6,52021797129627368
6,2933257559748608781
6,4380529685077998540
6,1979966609807479831
6,7756973475705658283
6,8473717373919153811
6,8193807423646954194
6,3065742279382223721
6,1665847379710887325
6,6207490162887192556
6,4360581847235902915
6,3408962671682131263
6,3242970966560726853
6,3974826177509515244
6,2338995372684736584
6,8662629624369929223
6,8754281183641404798
6,4109013826726115847
6,2594646521197624703
7,6045579702642592802
7,6658439553939530171
7,2057820610462531898
7,2275091756519566896
7,238186546164526321
7,7439481661522176360
7,8811282759399954833
7,2779958670490380662
7,6738605101295542865
7,5734452504411437807
7,6499882835359972165
7,2463485027648914712
7,6566287498207565575
7,1601604131711748550
7,8724157591715663844
7,963086374697662610
7,2445057113283289736
7,3568798032192892063
7,6475246957907515605
7,4155896794378429525
8,540301915830392913
8,5978474717266018195
8,8925973253789537852
8,7260633437661079675
8,6949121404703930565
8,6679563514643699647
8,1600714043897055696
8,4848395855343953444
8,8056880013353470444
8,2611107782863856833
8,4281540084697837518
8,1984089408023426704
8,6620957080050204260
8,5764630602766995642
8,1539631645929510527
8,1337709513907906950
8,4898981048593356184
8,9060743340768501391
8,8194465517939937641
8,3901912821773642780
9,3520304427609612752
9,3466922651363138006
9,896211844631956044
9,7467549224050407708
9,4690998911382059051
9,6408411688695575745
9,5973912633568869432
9,2740318920208617544
9,5869627725831338083
9,2135693212428516717
9,7024764374478718260
9,3127697080781272669
9,2860970642139089958
9,1634650243633706749
9,7653326583027176363
9,2078026535527447664
9,9182010643983883705
9,8868957299433453997
9,2120924061072269041
9,2754563130266461473
10,4693931983512531159
10,3333259194988502433
10,785021860198825037
10,2955057565335714507
10,4902059793493605117
10,6967377367432023695
10,3030714980721829471
10,2422759521698895250
10,5813522970971109016
10,3864385830190462351
10,3840583773780457354
10,5114607332018603779
10,7720988577917914017
10,126231020760566084
10,2970344689831231361
10,795909171943440781
10,7975837753245256695
10,19282780383323837
10,4231611341679826912
10,8081105556501095953
11,4246291965736370119
11,8208143150400364381
11,2526511689224458157
11,5738542918154852181
11,1370854846420108061
11,8519792839955486363
11,1425561919152369732
11,669207575529589346
11,6252503241974241346
11,2206300832149858863
11,4194732016454085808
11,1677137972845169335
11,5513083903542076209
11,2417200540389678653
11,82719869188822243
11,1399772903183404910
11,6753494856197040956
11,7365534471856717214
11,4510468467661777135
11,7552300055971859096
12,7844135932603078408
12,5541197280842200680
12,4790156715178980478
12,2606744646595985136
12,643239870175089842
12,5789247950834767309
12,4571643443311462571
12,7047127926548640312
12,3765782861381004742
12,4762168009476211981
12,3269338509828193959
12,6441494649293682863
12,4689630507856747428
12,1040705119979405656
12,6386600660021779299
12,3918814722316254261
12,2990838294480895104
12,4586037228637447164
12,3768089016476638693
12,7543236137023269115
13,4129625668730540555
13,106647212909902164
13,4437737860689962766
13,2630737611552988991
13,4120372120247458959
13,2181031065973415165
13,8280874926651644534
13,101101518739319095
13,8387997201620310141
13,4279443872107201193
13,2993019136927251708
13,2640143388439257018
13,5570820258922258088
13,486820873076585090
13,8421543519933412691
13,652058164357316165
13,6953527008740496420
13,7415772616545806138
13,1262998315030466688
13,4341984672571880416
14,4047383574666994420
14,8605509192744291864
14,7197190868963794567
14,3384280286982919223
14,4067120043839848728
14,1263333883226547421
14,2725330650403124299
14,2501050845580439979
14,2493805102145123675
14,2764420728876523706
14,1603748615411650284
14,488994324486019989
14,4552207640376813402
14,2402697680386342945
14,1729334281073676233
14,7364581304139615527
14,4272072923013309747
14,2367632852955150287
14,1298540671373285102
14,3254354761222308456
15,8024460223414687590
15,4275107376853634173
15,5476691819005580016
15,3299743990143389761
15,7918572448932890104
15,652144370658123092
15,1047072420582327135
15,7945651183605391676
15,7042672195525186277
15,6644568119662565661
15,29881483948054525
15,3854105405872049253
15,5825807986983545118
15,1723082076653602947
15,5390070982698591711
15,4675703420754721719
15,6591279578928976874
15,8545492231157636674
15,6223794474579769393
15,4362243642895758312
16,4081006409915467274
16,4750619925398463217
16,3762861450368435272
16,7283542804772735525
16,5053216694377503144
16,7474977505501403337
16,2413460775328656812
16,7318167667288338178
16,8610599901508789450
16,4148119283669889843
16,8691547018630726045
16,7274305416962935474
16,3899659588104284533
16,6712383823486170946
16,4080727378258333616
16,6607543379579986934
16,3937099177022549288
16,2581045711064167533
16,1729301564969142761
16,3821297154766450262
17,51220830788864297
17,8387273721869345504
17,4500354828863781270
17,2667586047822821036
17,8711654053167581501
17,2895976685723376700
17,1321387777960205453
17,7301654353491223884
17,2050776874988382082
17,8602899696205710523
17,932311842893766216
17,983507610692541442
17,2899424885938068123
17,4883833665275329591
17,7896388056458234284
17,4867065318312776064
17,374076409918020697
17,8662760663971057742
17,9085395672572836935
17,2979310378638114700
18,7796933871184406711
18,8511382504445078028
18,2415806628463809867
18,8903971666837316980
18,3770293182832659715
18,5108171712483657350
18,6216296409219055495
18,4130322806710519508
18,8521353994360202918
18,6315172688460394192
18,480212231570998504
18,562274696051941005
18,5290958999929886983
18,6732610184623413714
18,8112732867660785781
18,4019544922436348145
18,1303426257936714816
18,5906993746065675105
18,8333327529050344062
18,5654845917733264079
19,2177767780441481986
19,416802931397352559
19,5340185696416224972
19,4253028562011758514
19,6631181046595201008
19,5113236209947839531
19,3265622407896480980
19,2193941784095880162
19,5276825373768985326
19,1409103928094749163
19,4108902904663038493
19,2500278615241067632
19,6825789105428019347
19,255129617584860986
19,656404036118903323
19,6191729161870725359
19,7874162365905596983
19,6146290746950145859
19,3453213405010642964
19,4496853006638274155
20,1527757434034553985
20,2674517480215471710
20,2064684449342796417
20,968660845155967089
20,7723685717738923316
20,2302542794221739289
20,6300624755068909320
20,2195762622239881391
20,2625491058209361839
20,4342617798692705642
20,8906496733059715702
20,1606574089492888838
20,5898044105414196997
20,782891042236167392
20,4796475744739979891
20,9042089133058899371
20,5774528089065369794
20,8883970468813400518
20,3528982500794157102
20,1633499590867748356
21,8104875363482794989
21,3250416399547122054
21,5318118666569547488
21,4868947870693246239
21,3731440893148135075
21,6723178047613554734
21,2546690299974839350
21,2654816726707728781
21,4260268277708444691
21,2147713277418489426
21,4343805059759607081
21,1281676892873537709
21,7408187222754867362
21,8633089229120683067
21,5891967838607501879
21,1519542567544037647
21,147047434512208980
21,758491940232266276
21,5290699909489000990
21,8440709009643932209
22,146557779673009739
22,1506056395059968877
22,3530308577455724859
22,7348216267969995163
22,5001577884099490576
22,8079767084724582294
22,6867692064207086509
22,8720187997291101763
22,852979139754353970
22,7130251382038731595
22,6340922299051455835
22,2598151782612866403
22,9202055513751338061
22,6547012246239734637
22,6737141185771272833
22,4639962194487459521
22,8650716850365541092
22,3128318160537578203
22,6654608912626149886
22,5449788650550132384
23,8439713898509911159
23,4583194372148310145
23,3805996780211492225
23,4795048888845507440
23,3976381248581685359
23,4061386940263808775
23,971445455665842459
23,4712809970773761927
23,4749047660369397071
23,9025205794000631528
23,1202006325016038751
23,6563876056497974014
23,1183237730581155168
23,524036866538158333
23,5483093902286536282
23,4608654411175880693
23,2134526230456171669
23,151407986031325743
23,444502230019735383
23,1624252598484118120
